Some((
    red: 0.09411765,
    green: 0.09803922,
    blue: 0.14901961,
    alpha: 1.0,
))