Some((
    red: 0.4627451,
    green: 0.6235294,
    blue: 0.9411765,
))